T: Multo
C: Cup Of Joe
O: Asia
M: 4/4
Q: 208
K: B

$Intro
V1: |3 5 1' .| . 7 . 1' |7 3 . . |. . 3 5 |3 .  0 0|
v2: |4,,  4,,  4,,  4,, |4,,  4,,  4,,  4,, |4,,  4,,  4,, 4,, | 1,, 1,, 1,, 1,, | 1,, 1,, 1,, 1,, |
V3: |6,,  6,, 6,,  6,, |4,,  4,,  4,,  4,, |4,,  4,,  4,,  4,, | 2,, 2,, 2,, 2,, | 2,, 2,, 2,, 2,, |
V4: |1, 1, 1, 1,|1, 1, 1, 1,|1, 1, 1, 1,| 3,, 3,, 3,, 3,, | 3,, 3,, 3,, 3,, |

V1: |3 5 1' .| . 7 . 1' |7 3 . . |. . 3 5 |2 .  0 0|
v2: |4,,  4,,  4,,  4,, |4,,  4,,  4,,  4,, |4,,  4,,  4,, 4,, | 1,, 1,, 1,, 1,, || 1,, 1,, 1,, 1,, |
V3: |6,,  6,, 6,,  6,, |4,,  4,,  4,,  4,, |4,,  4,,  4,,  4,, | 2,, 2,, 2,, 2,, || 2,, 2,, 2,, 2,, |
V4: |1, 1, 1, 1,|1, 1, 1, 1,|1, 1, 1, 1,| 3,, 3,, 3,, 3,,| 3,, 3,, 3,, 3,,|